21 22 42.36 -70.96 304 396
21 23 42.37 -70.89 431 945
21 24 42.40 -70.79 515 1920
21 25 42.49 -70.78 541 3170
21 26 42.55 -70.86 665 3536
21 27 42.61 -70.98 637 4542
21 28 42.67 -71.08 639 5456
21 29 42.71 -71.16 655 6005
21 30 42.77 -71.28 711 6431
21 31 42.80 -71.47 764 7041
21 32 42.81 -71.62 787 7529
21 33 42.83 -71.78 801 8077
21 34 42.85 -71.95 824 8504
21 35 42.87 -72.12 826 8961
21 36 42.89 -72.28 769 9754
21 37 42.89 -72.37 737 10180
21 38 42.91 -72.51 708 10729
21 39 42.92 -72.66 715 10973
21 40 42.94 -72.80 723 10973
21 42 42.97 -73.10 710 10851
21 43 42.98 -73.24 719 10668
21 44 42.99 -73.43 721 10668
21 45 42.99 -73.52 723 10668
21 46 43.00 -73.68 723 10668
21 47 43.00 -73.90 715 10668
21 48 43.00 -73.98 713 10668
21 50 43.01 -74.31 700 10668
21 51 43.02 -74.47 697 10668
21 52 43.02 -74.54 697 10668
21 53 43.03 -74.76 711 10668
21 54 43.03 -74.84 710 10668
21 55 43.04 -75.05 715 10668
21 56 43.05 -75.12 715 10729
21 57 43.06 -75.39 697 10973
21 58 43.06 -75.43 697 10973
21 59 43.06 -75.64 703 10973
22 00 43.06 -75.73 703 10973
22 01 43.07 -75.89 708 10973
22 02 43.07 -76.03 705 10973
22 03 43.07 -76.17 705 10973
22 04 43.08 -76.34 702 10973
22 05 43.08 -76.49 698 10973
22 06 43.08 -76.56 697 10973
22 07 43.09 -76.76 692 10973
22 08 43.09 -76.91 700 10973
22 09 43.09 -77.06 698 10973
22 10 43.09 -77.18 698 10973
22 11 43.09 -77.35 700 10973
22 12 43.09 -77.49 700 10973
22 13 43.09 -77.64 697 10973
22 14 43.10 -77.78 689 10973
22 15 43.10 -77.92 695 10973
22 16 43.10 -78.07 692 10973
22 17 43.10 -78.14 689 10973
22 18 43.10 -78.35 681 10973
22 19 43.10 -78.42 681 10973
22 20 43.10 -78.63 686 10973
22 21 43.10 -78.77 687 10973
22 22 43.10 -78.91 690 10973
22 23 43.10 -79.05 692 10973
22 24 43.09 -79.19 690 10973
22 25 43.09 -79.33 686 10973
22 26 43.09 -79.46 684 10973
22 27 43.09 -79.62 684 10973
22 28 43.09 -79.76 684 10973
22 29 43.09 -79.90 686 10973
22 30 43.08 -80.03 686 10973
22 31 43.08 -80.18 687 10973
22 32 43.08 -80.32 689 10973
22 33 43.08 -80.39 686 10973
22 34 43.07 -80.59 647 10973
22 35 43.07 -80.72 641 10973
22 36 43.07 -80.78 639 10973
22 37 43.06 -80.98 639 10973
22 38 43.06 -81.12 637 10973
22 39 43.06 -81.25 639 10973
22 40 43.06 -81.31 637 10973
22 41 43.05 -81.51 631 10973
22 42 43.05 -81.65 652 10973
22 43 43.04 -81.70 652 10973
22 44 43.04 -81.91 650 10973
22 45 43.03 -82.05 658 10973
22 46 43.03 -82.18 663 10973
22 47 43.03 -82.25 666 10973
22 48 43.02 -82.46 653 10973
22 50 43.01 -82.73 658 10973
22 52 43.00 -82.99 653 10973
22 53 42.99 -83.05 652 10973
22 55 42.98 -83.30 653 10973
22 56 42.98 -83.42 653 10942
22 57 42.97 -83.62 641 10485
22 59 42.95 -83.89 650 9876
23 00 42.94 -83.96 649 9754
23 02 42.91 -84.28 650 9754
23 03 42.90 -84.34 650 9754
23 05 42.88 -84.62 647 9754
23 06 42.85 -84.82 642 9754
23 08 42.83 -85.08 641 9754
23 09 42.81 -85.20 649 9754
23 10 42.80 -85.34 653 9754
23 11 42.78 -85.48 658 9754
23 12 42.77 -85.55 658 9754
23 13 42.75 -85.68 660 9754
23 14 42.72 -85.81 666 9235
23 15 42.70 -85.94 649 8382
23 16 42.68 -86.07 626 7346
23 17 42.66 -86.19 615 6614
23 18 42.62 -86.37 581 5730
23 19 42.60 -86.48 597 5334
23 20 42.58 -86.60 612 4907
23 21 42.56 -86.71 602 4511
23 22 42.52 -86.84 594 4054
23 23 42.49 -86.95 575 3627
23 24 42.46 -87.05 525 3261
23 25 42.44 -87.15 452 2987
23 28 42.38 -87.35 457 2225
23 29 42.35 -87.43 475 1859
23 30 42.28 -87.43 488 1859
23 31 42.18 -87.44 488 1859
23 32 42.12 -87.44 476 1554
23 33 42.07 -87.44 420 1402
23 34 42.03 -87.47 372 1250
23 35 42.00 -87.53 372 1250
23 36 42.00 -87.61 360 1250
23 37 42.00 -87.68 348 1219
23 38 42.00 -87.76 298 853
23 39 42.00 -87.84 222 488
23 40 42.00 -87.86 222 396
