KBOS-KORD
1502
32
KBOS 42.36 -71.0
NHANT 42.43 -70.96
HURBE 42.46 -70.85
STAYC 42.5 -70.79
SHAAN 42.57 -70.82
HYLND 42.78 -71.27
CAM 42.99 -73.34
PAYGE 43.01 -74.25
PUPPY 43.05 -75.29
GONZZ 43.08 -76.68
HOZIR 43.1 -79.03
GOPUN 43.1 -79.07
DERLO 43.06 -81.09
KITOK 43.04 -81.92
TANKO 43.02 -82.38
FNT 42.96 -83.74
EMMMA 42.88 -84.58
LTOUR 42.84 -84.91
VIO 42.78 -85.49
DITCA 42.74 -85.71
WLTER 42.68 -86.05
RHIVR 42.64 -86.27
PAITN 42.56 -86.72
WYNDE 42.45 -87.11
FIYER 42.39 -87.32
ERNNY 42.33 -87.53
PAPPI 42.26 -87.6
TUBEZ 42.18 -87.7
VULCN 42.09 -87.79
KURKK 42.09 -88.02
BAMBB 42.09 -88.27
KORD 41.97 -87.9
8 9 6 8 43 170 74 84 112 190 3 164 67 37 110 68 27 47 18 28 18 37 34 18 18 9 12 12 18 20 33 
